intersect_bp,f_orig_query,f_match,f_unique_to_query,f_unique_weighted,average_abund,median_abund,std_abund,filename,name,md5,f_match_orig,unique_intersect_bp,gather_result_rank,remaining_bp,query_filename,query_name,query_md5,query_bp,ksize,moltype,scaled,query_n_hashes,query_abundance,query_containment_ani,match_containment_ani,average_containment_ani,max_containment_ani,potential_false_negative,n_unique_weighted_found,sum_weighted_found,total_weighted_hashes
2481000,0.0018782491780294055,0.31168341708542713,0.0018782491780294055,0.002384948240256196,1.9778315195485692,1.0,1.5260443175079996,/nfs3_ib/nfs-ip34/home/def-ilafores/ref_dbs/sourmash_db/gtdb-rs214-full.k31.zip,"GCA_017115085.1 Nostoc sp. NMS7, ASM1711508v1",678a163446b4fcff04b3b72d55c7e111,0.31168341708542713,2481000,0,25458000,/nfs3_ib/nfs-ip34/home/def-ilafores/analysis/boreal_moss/preproc/S-13-POLJUN-B/S-13-POLJUN-B_unmatched_2.fastq.gz,S-13-POLJUN-B,883b45ad,1320911000,31,DNA,1000,1320911,True,0.8166887159926121,0.96309290563668,0.889890810814646,0.96309290563668,False,4907,4907,2057487
1314000,0.0009947680048088025,0.37553586739068306,0.0009947680048088025,0.0011407119461751157,1.7861491628614916,1.0,1.137739191492051,/nfs3_ib/nfs-ip34/home/def-ilafores/ref_dbs/sourmash_db/gtdb-rs214-full.k31.zip,"GCA_014802795.1 Candidatus Eremiobacteraeota bacterium, ASM1480279v1",b0627448773278576f5b4b1f239abea3,0.37553586739068306,1314000,1,24144000,/nfs3_ib/nfs-ip34/home/def-ilafores/analysis/boreal_moss/preproc/S-13-POLJUN-B/S-13-POLJUN-B_unmatched_2.fastq.gz,S-13-POLJUN-B,883b45ad,1320911000,31,DNA,1000,1320911,True,0.8001148232524136,0.9689002727298673,0.8845075479911404,0.9689002727298673,False,2347,7254,2057487
1292000,0.000978112832734378,0.20292131302026073,0.000978112832734378,0.0009876125584268576,1.5727554179566563,1.0,2.055378994285157,/nfs3_ib/nfs-ip34/home/def-ilafores/ref_dbs/sourmash_db/gtdb-rs214-full.k31.zip,"GCF_009766125.1 Acidisoma sp. S159 strain=S159, ASM976612v1",ec5c6d692415893b5cba4b56a9945469,0.20292131302026073,1292000,2,22852000,/nfs3_ib/nfs-ip34/home/def-ilafores/analysis/boreal_moss/preproc/S-13-POLJUN-B/S-13-POLJUN-B_unmatched_2.fastq.gz,S-13-POLJUN-B,883b45ad,1320911000,31,DNA,1000,1320911,True,0.7996791499589765,0.9498515397892633,0.8747653448741199,0.9498515397892633,False,2032,9286,2057487
831000,0.0006291112724475759,0.12037708484408992,0.0006283542191714657,0.0006235762364476665,1.5457831325301206,1.0,1.184111807324633,/nfs3_ib/nfs-ip34/home/def-ilafores/ref_dbs/sourmash_db/gtdb-rs214-full.k31.zip,"GCF_022829385.1 Methylobacterium sp. J-070 strain=J-070, ASM2282938v1",48fe550b161c1b6a0798cff176c79725,0.1205221174764322,830000,3,22022000,/nfs3_ib/nfs-ip34/home/def-ilafores/analysis/boreal_moss/preproc/S-13-POLJUN-B/S-13-POLJUN-B_unmatched_2.fastq.gz,S-13-POLJUN-B,883b45ad,1320911000,31,DNA,1000,1320911,True,0.7883755447614832,0.934021755462836,0.8611986501121596,0.934021755462836,False,1283,10569,2057487
986000,0.0007464545302446569,0.09096496619545175,0.0005602194243215478,0.0007664689983460406,2.131081081081081,2.0,1.760023470027454,/nfs3_ib/nfs-ip34/home/def-ilafores/ref_dbs/sourmash_db/gtdb-rs214-full.k31.zip,"GCF_020829625.1 Nostoc sp. XA010 strain=XA010, ASM2082962v1",5fecf54fd95f6a535be00ea420845bb9,0.12120467117393977,740000,4,21282000,/nfs3_ib/nfs-ip34/home/def-ilafores/analysis/boreal_moss/preproc/S-13-POLJUN-B/S-13-POLJUN-B_unmatched_2.fastq.gz,S-13-POLJUN-B,883b45ad,1320911000,31,DNA,1000,1320911,True,0.7927370214856652,0.9341919235229506,0.8634644725043079,0.9341919235229506,False,1577,12146,2057487
671000,0.000507982748269944,0.08652482269503546,0.000507982748269944,0.00046172831225665094,1.4157973174366616,1.0,0.9061740114070723,/nfs3_ib/nfs-ip34/home/def-ilafores/ref_dbs/sourmash_db/gtdb-rs214-full.k31.zip,"GCF_002141475.1 Caballeronia sordidicola strain=PAMC 26510, ASM214147v1",f609ef9ea2e648f734dd79bf3c6f87f3,0.08652482269503546,671000,5,20611000,/nfs3_ib/nfs-ip34/home/def-ilafores/analysis/boreal_moss/preproc/S-13-POLJUN-B/S-13-POLJUN-B_unmatched_2.fastq.gz,S-13-POLJUN-B,883b45ad,1320911000,31,DNA,1000,1320911,True,0.7829554713406531,0.9240898853961144,0.8535226783683838,0.9240898853961144,False,950,13096,2057487
945000,0.0007154153459241387,0.0626410835214447,0.00042016456824116083,0.0006838439319422189,2.535135135135135,2.0,1.9021395563019043,/nfs3_ib/nfs-ip34/home/def-ilafores/ref_dbs/sourmash_db/gtdb-rs214-full.k31.zip,"GCF_002245985.1 Nostoc sp. 'Peltigera membranacea cyanobiont' 232 strain=232, ASM224598v1",b7c91e4f6f0e2e1a8285e3866edc9796,0.10665914221218961,555000,6,20056000,/nfs3_ib/nfs-ip34/home/def-ilafores/analysis/boreal_moss/preproc/S-13-POLJUN-B/S-13-POLJUN-B_unmatched_2.fastq.gz,S-13-POLJUN-B,883b45ad,1320911000,31,DNA,1000,1320911,True,0.7916516789263734,0.9303472956834894,0.8609994873049314,0.9303472956834894,False,1407,14503,2057487
489000,0.00037019905201788765,0.07716685152907622,0.0003686849454656673,0.0005647666303602404,2.3860369609856265,2.0,3.116961958508628,/nfs3_ib/nfs-ip34/home/def-ilafores/ref_dbs/sourmash_db/gtdb-rs214-full.k31.zip,"GCA_023231945.1 Comamonadaceae bacterium BS-T2-15 strain=BS-T2-15, ASM2323194v1",be84853b0c595a0b38db8da38d8600ce,0.07748375851687529,487000,7,19569000,/nfs3_ib/nfs-ip34/home/def-ilafores/analysis/boreal_moss/preproc/S-13-POLJUN-B/S-13-POLJUN-B_unmatched_2.fastq.gz,S-13-POLJUN-B,883b45ad,1320911000,31,DNA,1000,1320911,True,0.7750047505129269,0.9208058853179196,0.8479053179154232,0.9208058853179196,False,1162,15665,2057487
417000,0.0003156912161379533,0.05628289917667702,0.0003156912161379533,0.0003329304146271641,1.6426858513189448,1.0,2.6695548770980873,/nfs3_ib/nfs-ip34/home/def-ilafores/ref_dbs/sourmash_db/gtdb-rs214-full.k31.zip,"GCF_003330725.1 Acidisarcina polymorpha strain=SBC82, ASM333072v1",50eb584445706a041942988680bc0cd3,0.05628289917667702,417000,8,19152000,/nfs3_ib/nfs-ip34/home/def-ilafores/analysis/boreal_moss/preproc/S-13-POLJUN-B/S-13-POLJUN-B_unmatched_2.fastq.gz,S-13-POLJUN-B,883b45ad,1320911000,31,DNA,1000,1320911,True,0.7710330313858917,0.9113591604961203,0.8411960959410061,0.9113591604961203,False,685,16350,2057487
385000,0.00029146551130242686,0.03604317259134568,0.0002755673925041127,0.0005151915905179474,2.912087912087912,2.0,2.9627665703718917,/nfs3_ib/nfs-ip34/home/def-ilafores/ref_dbs/sourmash_db/gtdb-rs214-full.k31.zip,"GCA_016903675.1 Stigonema ocellatum SAG 48.90 = DSM 106950, ASM1690367v1",ba44ced52d5322f77d2df2b9e3d1afb5,0.03812258639469254,364000,9,18788000,/nfs3_ib/nfs-ip34/home/def-ilafores/analysis/boreal_moss/preproc/S-13-POLJUN-B/S-13-POLJUN-B_unmatched_2.fastq.gz,S-13-POLJUN-B,883b45ad,1320911000,31,DNA,1000,1320911,True,0.7690497315983462,0.8999775766821944,0.8345136541402702,0.8999775766821944,False,1060,17410,2057487
460000,0.0003482445070106919,0.05782815837029735,0.0002664827531907903,0.0002765509575516152,1.6164772727272727,1.0,1.3538921500728651,/nfs3_ib/nfs-ip34/home/def-ilafores/ref_dbs/sourmash_db/gtdb-rs214-full.k31.zip,"GCF_022829585.1 Methylobacterium sp. J-026 strain=J-026, ASM2282958v1",a2812e6a63e8d582bea34bde88b2b2b3,0.07557088877936587,352000,10,18436000,/nfs3_ib/nfs-ip34/home/def-ilafores/analysis/boreal_moss/preproc/S-13-POLJUN-B/S-13-POLJUN-B_unmatched_2.fastq.gz,S-13-POLJUN-B,883b45ad,1320911000,31,DNA,1000,1320911,True,0.773477847264503,0.9200636821733439,0.8467707647189234,0.9200636821733439,False,569,17979,2057487
981000,0.0007426692638641059,0.036168233956804796,0.0002649686466385699,0.00037132676901482247,2.182857142857143,2.0,1.4523843871934403,/nfs3_ib/nfs-ip34/home/def-ilafores/ref_dbs/sourmash_db/gtdb-rs214-full.k31.zip,"GCF_020829645.1 Nostoc sp. CHAB 5784 strain=CHAB 5784, ASM2082964v1",e00379886d283874ae9235fdd288ac04,0.10137439289035859,350000,11,18086000,/nfs3_ib/nfs-ip34/home/def-ilafores/analysis/boreal_moss/preproc/S-13-POLJUN-B/S-13-POLJUN-B_unmatched_2.fastq.gz,S-13-POLJUN-B,883b45ad,1320911000,31,DNA,1000,1320911,True,0.79260702595797,0.9288234465407262,0.8607152362493481,0.9288234465407262,False,764,18743,2057487
336000,0.0002543699007730271,0.03335109216835375,0.0002369576754224925,0.0002075347256143052,1.3642172523961662,1.0,0.7593490427832496,/nfs3_ib/nfs-ip34/home/def-ilafores/ref_dbs/sourmash_db/gtdb-rs214-full.k31.zip,"GCF_002220365.1 Caballeronia sordidicola strain=PAMC 26633, ASM222036v1",8e53a40c47af10041f1ae723589e6530,0.035801811401172084,313000,12,17773000,/nfs3_ib/nfs-ip34/home/def-ilafores/analysis/boreal_moss/preproc/S-13-POLJUN-B/S-13-POLJUN-B_unmatched_2.fastq.gz,S-13-POLJUN-B,883b45ad,1320911000,31,DNA,1000,1320911,True,0.7656799613667423,0.8981559973653283,0.8319179793660353,0.8981559973653283,False,427,19170,2057487
415000,0.00031417710958573286,0.04721895479751302,0.00021273197058696612,0.00026537227209698047,1.9430604982206405,1.0,1.474684317471918,/nfs3_ib/nfs-ip34/home/def-ilafores/ref_dbs/sourmash_db/gtdb-rs214-full.k31.zip,"GCA_013289985.1 Betaproteobacteria bacterium, ASM1328998v1",59088e25aed45564f8106db293acfd83,0.06973617879348008,281000,13,17492000,/nfs3_ib/nfs-ip34/home/def-ilafores/analysis/boreal_moss/preproc/S-13-POLJUN-B/S-13-POLJUN-B_unmatched_2.fastq.gz,S-13-POLJUN-B,883b45ad,1320911000,31,DNA,1000,1320911,True,0.770913463344508,0.9176819683330169,0.8442977158387625,0.9176819683330169,False,546,19716,2057487
1212000,0.0009175485706455621,0.08580246913580247,0.0002104608107586355,0.00023864063296633224,1.7661870503597121,1.0,1.1152993569708738,/nfs3_ib/nfs-ip34/home/def-ilafores/ref_dbs/sourmash_db/gtdb-rs214-full.k31.zip,"GCA_903970385.1 Rhodospirillales bacterium, BOG_genome_mining.22",184f66a2c882535d504dc2c45dabcb82,0.37407407407407406,278000,14,17214000,/nfs3_ib/nfs-ip34/home/def-ilafores/analysis/boreal_moss/preproc/S-13-POLJUN-B/S-13-POLJUN-B_unmatched_2.fastq.gz,S-13-POLJUN-B,883b45ad,1320911000,31,DNA,1000,1320911,True,0.7980319743407783,0.9687783818405885,0.8834051780906834,0.9687783818405885,False,491,20207,2057487
278000,0.0002104608107586355,0.05636743215031315,0.00020440438454975393,0.00019878618917154763,1.5148148148148148,1.0,1.4497007874433447,/nfs3_ib/nfs-ip34/home/def-ilafores/ref_dbs/sourmash_db/gtdb-rs214-full.k31.zip,"GCF_005844085.1 Acetobacteraceae bacterium KEBCLARHB70R strain=KEBCLARHB70R, ASM584408v1",498150ab681f0d11140df321d485e8fa,0.05803757828810021,270000,15,16944000,/nfs3_ib/nfs-ip34/home/def-ilafores/analysis/boreal_moss/preproc/S-13-POLJUN-B/S-13-POLJUN-B_unmatched_2.fastq.gz,S-13-POLJUN-B,883b45ad,1320911000,31,DNA,1000,1320911,True,0.7610139549136993,0.912262145863244,0.8366380503884716,0.912262145863244,False,409,20616,2057487
731000,0.000553405944836556,0.02810586176727909,0.00019456269196032133,0.00027849507676111685,2.2295719844357977,2.0,1.4806866281332582,/nfs3_ib/nfs-ip34/home/def-ilafores/ref_dbs/sourmash_db/gtdb-rs214-full.k31.zip,"GCF_014698035.1 Nostoc muscorum FACHB-395 strain=FACHB-395, ASM1469803v1",07a316b8f7d2febbb33414c1392d2dc4,0.07994313210848644,257000,16,16687000,/nfs3_ib/nfs-ip34/home/def-ilafores/analysis/boreal_moss/preproc/S-13-POLJUN-B/S-13-POLJUN-B_unmatched_2.fastq.gz,S-13-POLJUN-B,883b45ad,1320911000,31,DNA,1000,1320911,True,0.7851215489058657,0.9217345014148638,0.8534280251603648,0.9217345014148638,False,573,21189,2057487
335000,0.0002536128474969169,0.033583806164698665,0.00016579466746813375,0.0001477530599221283,1.3881278538812785,1.0,0.8220953638759636,/nfs3_ib/nfs-ip34/home/def-ilafores/ref_dbs/sourmash_db/gtdb-rs214-full.k31.zip,"GCF_022829365.1 Methylobacterium sp. J-077 strain=J-077, ASM2282936v1",9427e56a12226d50b9c8d4cf56b920c1,0.051372488882073304,219000,17,16468000,/nfs3_ib/nfs-ip34/home/def-ilafores/analysis/boreal_moss/preproc/S-13-POLJUN-B/S-13-POLJUN-B_unmatched_2.fastq.gz,S-13-POLJUN-B,883b45ad,1320911000,31,DNA,1000,1320911,True,0.7656063453175531,0.9086793626354367,0.8371428539764949,0.9086793626354367,False,304,21493,2057487
932000,0.0007055736533347061,0.024628305527181933,0.00016428056091591335,0.00023086415612832547,2.1889400921658986,2.0,1.8053344612975124,/nfs3_ib/nfs-ip34/home/def-ilafores/ref_dbs/sourmash_db/gtdb-rs214-full.k31.zip,"GCF_009372195.1 Nostoc sphaeroides CCNUC1, ASM937219v1",9959853706ad4800fcf9bf1d4b359de4,0.10577686982181364,217000,18,16251000,/nfs3_ib/nfs-ip34/home/def-ilafores/analysis/boreal_moss/preproc/S-13-POLJUN-B/S-13-POLJUN-B_unmatched_2.fastq.gz,S-13-POLJUN-B,883b45ad,1320911000,31,DNA,1000,1320911,True,0.7912980144528658,0.9300980473490311,0.8606980309009484,0.9300980473490311,False,475,21968,2057487
221000,0.00016730877402035412,0.028616852146263912,0.00016352350763980313,0.00018906559312403917,1.8009259259259258,1.0,1.5006785730789312,/nfs3_ib/nfs-ip34/home/def-ilafores/ref_dbs/sourmash_db/gtdb-rs214-full.k31.zip,"GCF_009766005.1 Bradyrhizobium sp. S69 strain=S69, ASM976600v1",6e925e11ef1a02ddd098c16a7dec1db9,0.02927927927927928,216000,19,16035000,/nfs3_ib/nfs-ip34/home/def-ilafores/analysis/boreal_moss/preproc/S-13-POLJUN-B/S-13-POLJUN-B_unmatched_2.fastq.gz,S-13-POLJUN-B,883b45ad,1320911000,31,DNA,1000,1320911,True,0.7554018135300009,0.8923478998743862,0.8238748567021936,0.8923478998743862,False,389,22357,2057487
338000,0.0002558840073252475,0.04705087798289059,0.00015822413470703174,0.00017788690766940446,1.7511961722488039,1.0,1.3502829775314453,/nfs3_ib/nfs-ip34/home/def-ilafores/ref_dbs/sourmash_db/gtdb-rs214-full.k31.zip,"GCA_014378125.1 Caulobacter sp., ASM1437812v1",1dd563b1931126949ebd3489e3bce8ec,0.07609185051778478,209000,20,15826000,/nfs3_ib/nfs-ip34/home/def-ilafores/analysis/boreal_moss/preproc/S-13-POLJUN-B/S-13-POLJUN-B_unmatched_2.fastq.gz,S-13-POLJUN-B,883b45ad,1320911000,31,DNA,1000,1320911,True,0.7658265595299784,0.9202676036437362,0.8430470815868573,0.9202676036437362,False,366,22723,2057487
868000,0.0006571222436636534,0.0262484856642886,0.00014762538884148895,0.0002157972322546874,2.276923076923077,2.0,2.137631272137761,/nfs3_ib/nfs-ip34/home/def-ilafores/ref_dbs/sourmash_db/gtdb-rs214-full.k31.zip,"GCA_017115025.1 Nostoc sp. NOS(2021), ASM1711502v1",7875dadbd74d53966a6e3e810beb498d,0.11683941311078207,195000,21,15631000,/nfs3_ib/nfs-ip34/home/def-ilafores/analysis/boreal_moss/preproc/S-13-POLJUN-B/S-13-POLJUN-B_unmatched_2.fastq.gz,S-13-POLJUN-B,883b45ad,1320911000,31,DNA,1000,1320911,True,0.7894841671311974,0.9330872124191413,0.8612856897751693,0.9330872124191413,False,444,23167,2057487
418000,0.0003164482694140635,0.03430915532351296,0.00013929780280427676,0.00015795968577201217,1.766304347826087,1.0,1.105694467381694,/nfs3_ib/nfs-ip34/home/def-ilafores/ref_dbs/sourmash_db/gtdb-rs214-full.k31.zip,"GCA_903845345.1 uncultured beta proteobacterium, freshwater MAG --- B4coas_bin-1415",815f55bc523bcea3cf4bc4313e5fe83e,0.07794145068058922,184000,22,15447000,/nfs3_ib/nfs-ip34/home/def-ilafores/analysis/boreal_moss/preproc/S-13-POLJUN-B/S-13-POLJUN-B_unmatched_2.fastq.gz,S-13-POLJUN-B,883b45ad,1320911000,31,DNA,1000,1320911,True,0.771092607448296,0.9209808421536345,0.8460367248009653,0.9209808421536345,False,325,23492,2057487
184000,0.00013929780280427676,0.04366602687140115,0.00013778369625205635,0.00022017150047606618,2.489010989010989,2.0,2.1141569150414785,/nfs3_ib/nfs-ip34/home/def-ilafores/ref_dbs/sourmash_db/gtdb-rs214-full.k31.zip,"GCA_018268575.1 Actinobacteria bacterium, ASM1826857v1",482ff8ae204add888b4be3fb4aacc0d8,0.044145873320537425,182000,23,15265000,/nfs3_ib/nfs-ip34/home/def-ilafores/analysis/boreal_moss/preproc/S-13-POLJUN-B/S-13-POLJUN-B_unmatched_2.fastq.gz,S-13-POLJUN-B,883b45ad,1320911000,31,DNA,1000,1320911,True,0.750950144783738,0.9042463779558104,0.8275982613697742,0.9042463779558104,False,453,23945,2057487
967000,0.0007320705179985631,0.018538594969644405,0.00012945611021484416,0.0001521273281435071,1.8304093567251463,1.0,1.2752293024972172,/nfs3_ib/nfs-ip34/home/def-ilafores/ref_dbs/sourmash_db/gtdb-rs214-full.k31.zip,"GCF_002813575.1 Nostoc flagelliforme CCNUN1 strain=CCNUN1, ASM281357v1",9ef52c35343aae6d3d3deda6e72bffb0,0.10483521248915871,171000,24,15094000,/nfs3_ib/nfs-ip34/home/def-ilafores/analysis/boreal_moss/preproc/S-13-POLJUN-B/S-13-POLJUN-B_unmatched_2.fastq.gz,S-13-POLJUN-B,883b45ad,1320911000,31,DNA,1000,1320911,True,0.7922395980855669,0.9298297929189406,0.8610346955022538,0.9298297929189406,False,313,24258,2057487
168000,0.00012718495038651354,0.021696252465483234,0.00012491379055818295,0.00011713318237247672,1.4606060606060607,1.0,0.943860349820496,/nfs3_ib/nfs-ip34/home/def-ilafores/ref_dbs/sourmash_db/gtdb-rs214-full.k31.zip,"GCF_000472785.1 Mesorhizobium loti CJ3sym strain=CJ3sym, ASM47278v1",a72c7e74de54b3805605cd206f82ed06,0.022090729783037475,165000,25,14929000,/nfs3_ib/nfs-ip34/home/def-ilafores/analysis/boreal_moss/preproc/S-13-POLJUN-B/S-13-POLJUN-B_unmatched_2.fastq.gz,S-13-POLJUN-B,883b45ad,1320911000,31,DNA,1000,1320911,True,0.7487496567222943,0.8842751516367525,0.8165124041795234,0.8842751516367525,False,241,24499,2057487
168000,0.00012718495038651354,0.022386022386022386,0.00012415673728207276,0.00018469132490266037,2.317073170731707,1.0,3.4899788551336797,/nfs3_ib/nfs-ip34/home/def-ilafores/ref_dbs/sourmash_db/gtdb-rs214-full.k31.zip,"GCF_014203275.1 Granulicella aggregans strain=M8UP14, ASM1420327v1",779f272f13d6fda4647ee89872acf2a3,0.02293202293202293,164000,26,14765000,/nfs3_ib/nfs-ip34/home/def-ilafores/analysis/boreal_moss/preproc/S-13-POLJUN-B/S-13-POLJUN-B_unmatched_2.fastq.gz,S-13-POLJUN-B,883b45ad,1320911000,31,DNA,1000,1320911,True,0.7487496567222943,0.8853419526589363,0.8170458046906153,0.8853419526589363,False,380,24879,2057487
204000,0.00015443886832648075,0.02133617815708761,0.00012112852417763195,0.0002114229640333086,2.71875,2.0,2.1423464793305493,/nfs3_ib/nfs-ip34/home/def-ilafores/ref_dbs/sourmash_db/gtdb-rs214-full.k31.zip,"GCA_903880405.1 uncultured cyanobacterium, freshwater MAG --- A5_bin-0177",3db104c58e82c3bdd50e0ce2f3fbd788,0.027203627150286704,160000,27,14605000,/nfs3_ib/nfs-ip34/home/def-ilafores/analysis/boreal_moss/preproc/S-13-POLJUN-B/S-13-POLJUN-B_unmatched_2.fastq.gz,S-13-POLJUN-B,883b45ad,1320911000,31,DNA,1000,1320911,True,0.7534538647094026,0.8902338233882215,0.8218438440488121,0.8902338233882215,False,435,25314,2057487
680000,0.0005147962277549358,0.016462199853203314,0.00011885736434930136,0.0001739986692504011,2.2802547770700636,2.0,1.8263269145426597,/nfs3_ib/nfs-ip34/home/def-ilafores/ref_dbs/sourmash_db/gtdb-rs214-full.k31.zip,"GCF_013393905.1 Nostoc sp. C052 strain=C052, ASM1339390v1",08989ab2de6e1410a384bc5ca3a70e6d,0.07130124777183601,157000,28,14448000,/nfs3_ib/nfs-ip34/home/def-ilafores/analysis/boreal_moss/preproc/S-13-POLJUN-B/S-13-POLJUN-B_unmatched_2.fastq.gz,S-13-POLJUN-B,883b45ad,1320911000,31,DNA,1000,1320911,True,0.7832920544223462,0.9183392218403755,0.8508156381313609,0.9183392218403755,False,358,25672,2057487
150000,0.00011355799141652995,0.02555366269165247,0.00011355799141652995,0.00016476410300526808,2.26,1.0,3.9605218511369604,/nfs3_ib/nfs-ip34/home/def-ilafores/ref_dbs/sourmash_db/gtdb-rs214-full.k31.zip,"GCF_010729665.1 Mycolicibacterium madagascariense strain=JCM 13574, ASM1072966v1",55d8fcdb32ddbe2b0c924561b5479a7c,0.02555366269165247,150000,29,14298000,/nfs3_ib/nfs-ip34/home/def-ilafores/analysis/boreal_moss/preproc/S-13-POLJUN-B/S-13-POLJUN-B_unmatched_2.fastq.gz,S-13-POLJUN-B,883b45ad,1320911000,31,DNA,1000,1320911,True,0.746017401933034,0.8884388089421084,0.8172281054375712,0.8884388089421084,False,339,26011,2057487
814000,0.0006162413667537025,0.01598413253996033,0.00010371629882709737,0.000127825838024736,1.9197080291970803,1.0,1.3457605461595927,/nfs3_ib/nfs-ip34/home/def-ilafores/ref_dbs/sourmash_db/gtdb-rs214-full.k31.zip,"GCF_002949735.1 Nostoc sp. 'Peltigera membranacea cyanobiont' N6 strain=N6, ASM294973v1",e3866cbcc31178d8ca9d239cfbc00924,0.09497141523742854,137000,30,14161000,/nfs3_ib/nfs-ip34/home/def-ilafores/analysis/boreal_moss/preproc/S-13-POLJUN-B/S-13-POLJUN-B_unmatched_2.fastq.gz,S-13-POLJUN-B,883b45ad,1320911000,31,DNA,1000,1320911,True,0.7878500660209796,0.9268706414221746,0.857360353721577,0.9268706414221746,False,263,26274,2057487
171000,0.00012945611021484416,0.03223406893131664,9.841692589432596e-05,0.00017740087786702905,2.8076923076923075,2.0,2.4086260170356106,/nfs3_ib/nfs-ip34/home/def-ilafores/ref_dbs/sourmash_db/gtdb-rs214-full.k31.zip,"GCA_001898095.1 Solirubrobacterales bacterium 70-9, ASM189809v1",81deb5849e9cc502bc45efce034e0527,0.04240019836350112,130000,31,14031000,/nfs3_ib/nfs-ip34/home/def-ilafores/analysis/boreal_moss/preproc/S-13-POLJUN-B/S-13-POLJUN-B_unmatched_2.fastq.gz,S-13-POLJUN-B,883b45ad,1320911000,31,DNA,1000,1320911,True,0.7491772804738094,0.9030702693628782,0.8261237749183438,0.9030702693628782,False,365,26639,2057487
134000,0.00010144513899876676,0.03323345137564696,9.236049968544437e-05,0.00015018320893400543,2.5327868852459017,2.0,1.9760219444818685,/nfs3_ib/nfs-ip34/home/def-ilafores/ref_dbs/sourmash_db/gtdb-rs214-full.k31.zip,"GCA_903644065.1 Betaproteobacteria bacterium, MAGs_Lobaria_metabat2_15",f9ac4088a0367cbc38e63a20f90ff803,0.03650231544538273,122000,32,13909000,/nfs3_ib/nfs-ip34/home/def-ilafores/analysis/boreal_moss/preproc/S-13-POLJUN-B/S-13-POLJUN-B_unmatched_2.fastq.gz,S-13-POLJUN-B,883b45ad,1320911000,31,DNA,1000,1320911,True,0.743307901961099,0.8987175842610646,0.8210127431110819,0.8987175842610646,False,309,26948,2057487
902000,0.0006828620550514001,0.0152458391563969,9.084639313322396e-05,0.00010546846711546659,1.8083333333333333,1.0,1.1496074209147322,/nfs3_ib/nfs-ip34/home/def-ilafores/ref_dbs/sourmash_db/gtdb-rs214-full.k31.zip,"GCA_003990685.1 Nostoc commune HK-02 strain=NIES-4070, ASM399068v1",9a5a548ac1123bf2ac668afd651b92c8,0.11459789099225003,120000,33,13789000,/nfs3_ib/nfs-ip34/home/def-ilafores/analysis/boreal_moss/preproc/S-13-POLJUN-B/S-13-POLJUN-B_unmatched_2.fastq.gz,S-13-POLJUN-B,883b45ad,1320911000,31,DNA,1000,1320911,True,0.7904632962628151,0.932504333828166,0.8614838150454905,0.932504333828166,False,217,27165,2057487
147000,0.00011128683158819936,0.022637238256932653,9.084639313322396e-05,0.00012539568901285888,2.15,1.5,1.8781639970992947,/nfs3_ib/nfs-ip34/home/def-ilafores/ref_dbs/sourmash_db/gtdb-rs214-full.k31.zip,"GCA_021414305.1 Burkholderiales bacterium, ASM2141430v1",3041d7823b70d5c7ccd652f67ec30244,0.027730616864742503,120000,34,13669000,/nfs3_ib/nfs-ip34/home/def-ilafores/analysis/boreal_moss/preproc/S-13-POLJUN-B/S-13-POLJUN-B_unmatched_2.fastq.gz,S-13-POLJUN-B,883b45ad,1320911000,31,DNA,1000,1320911,True,0.7455313806034068,0.8907849851855788,0.8181581828944928,0.8907849851855788,False,258,27423,2057487
111000,8.403291364823217e-05,0.017831090938563787,8.327586037212197e-05,8.262506640382175e-05,1.5454545454545454,1.0,0.95951089468791,/nfs3_ib/nfs-ip34/home/def-ilafores/ref_dbs/sourmash_db/gtdb-rs214-full.k31.zip,"GCA_021777685.1 Planctomycetes bacterium, ASM2177768v1",5b4fa689add089a2741137ccd2c4dc0e,0.017993191765278003,110000,35,13559000,/nfs3_ib/nfs-ip34/home/def-ilafores/analysis/boreal_moss/preproc/S-13-POLJUN-B/S-13-POLJUN-B_unmatched_2.fastq.gz,S-13-POLJUN-B,883b45ad,1320911000,31,DNA,1000,1320911,True,0.738806361897306,0.8784421536461353,0.8086242577717206,0.8784421536461353,False,170,27593,2057487
153000,0.00011582915124486055,0.013271566295229749,8.024764726768116e-05,8.60272750204497e-05,1.669811320754717,1.0,1.2791631854326406,/nfs3_ib/nfs-ip34/home/def-ilafores/ref_dbs/sourmash_db/gtdb-rs214-full.k31.zip,"GCF_900099825.1 Bradyrhizobium ottawaense strain=GAS524, IMG-taxon 2693430034 annotated assembly",5361dee3dddc6a3e364bce95261f145e,0.019156128709152374,106000,36,13453000,/nfs3_ib/nfs-ip34/home/def-ilafores/analysis/boreal_moss/preproc/S-13-POLJUN-B/S-13-POLJUN-B_unmatched_2.fastq.gz,S-13-POLJUN-B,883b45ad,1320911000,31,DNA,1000,1320911,True,0.7464941059349781,0.8802186628579632,0.8133563843964706,0.8802186628579632,False,177,27770,2057487
108000,8.176175381990157e-05,0.014303922957088232,7.646238088713017e-05,8.845742403232681e-05,1.801980198019802,1.0,2.039315561653939,/nfs3_ib/nfs-ip34/home/def-ilafores/ref_dbs/sourmash_db/gtdb-rs214-full.k31.zip,"GCA_017305995.1 Pseudonocardia sp., ASM1730599v1",00ec75437efe98a5b77e2d190892dee3,0.015295283954114149,101000,37,13352000,/nfs3_ib/nfs-ip34/home/def-ilafores/analysis/boreal_moss/preproc/S-13-POLJUN-B/S-13-POLJUN-B_unmatched_2.fastq.gz,S-13-POLJUN-B,883b45ad,1320911000,31,DNA,1000,1320911,True,0.7381536653323281,0.8738509045612399,0.806002284946784,0.8738509045612399,False,182,27952,2057487
674000,0.0005102539080982746,0.01120699316373417,7.570532761101997e-05,9.866404988221068e-05,2.03,1.5,1.3961017154921058,/nfs3_ib/nfs-ip34/home/def-ilafores/ref_dbs/sourmash_db/gtdb-rs214-full.k31.zip,"GCA_003326195.1 Nostoc punctiforme NIES-2108, ASM332619v1",b934245b074c1504958680c36c38a3f9,0.07553513392356831,100000,38,13252000,/nfs3_ib/nfs-ip34/home/def-ilafores/analysis/boreal_moss/preproc/S-13-POLJUN-B/S-13-POLJUN-B_unmatched_2.fastq.gz,S-13-POLJUN-B,883b45ad,1320911000,31,DNA,1000,1320911,True,0.7830681486075391,0.920049636707779,0.851558892657659,0.920049636707779,False,203,28155,2057487
106000,8.024764726768116e-05,0.01579547304999186,7.343416778268937e-05,7.193241075156246e-05,1.5257731958762886,1.0,1.0060926102066683,/nfs3_ib/nfs-ip34/home/def-ilafores/ref_dbs/sourmash_db/gtdb-rs214-full.k31.zip,"GCA_014201335.1 Edaphobacter lichenicola strain=X5P2, ASM1420133v1",18853dde00e7da7297a99483592251cf,0.017261032405145742,97000,39,13155000,/nfs3_ib/nfs-ip34/home/def-ilafores/analysis/boreal_moss/preproc/S-13-POLJUN-B/S-13-POLJUN-B_unmatched_2.fastq.gz,S-13-POLJUN-B,883b45ad,1320911000,31,DNA,1000,1320911,True,0.7377087134765781,0.8772657742249594,0.8074872438507688,0.8772657742249594,False,148,28303,2057487
172000,0.00013021316349095434,0.023027104821300073,7.267711450657917e-05,0.00010935670553446996,2.34375,2.0,1.784354020600546,/nfs3_ib/nfs-ip34/home/def-ilafores/ref_dbs/sourmash_db/gtdb-rs214-full.k31.zip,"GCA_018268675.1 Actinobacteria bacterium, ASM1826867v1",1c77aa8c2fdccd11b8c708c7cd47f933,0.04125689613816263,96000,40,13059000,/nfs3_ib/nfs-ip34/home/def-ilafores/analysis/boreal_moss/preproc/S-13-POLJUN-B/S-13-POLJUN-B_unmatched_2.fastq.gz,S-13-POLJUN-B,883b45ad,1320911000,31,DNA,1000,1320911,True,0.7493182096312792,0.9022743231882716,0.8257962664097753,0.9022743231882716,False,225,28528,2057487
95000,7.192006123046897e-05,0.01871552403467297,7.192006123046897e-05,5.6379457075548956e-05,1.2210526315789474,1.0,0.5063584619286607,/nfs3_ib/nfs-ip34/home/def-ilafores/ref_dbs/sourmash_db/gtdb-rs214-full.k31.zip,"GCF_001067555.1 Pantoea vagans strain=848_PVAG, ASM106755v1",e6ef9a96da3af5e9655ba1733810b30c,0.01871552403467297,95000,41,12964000,/nfs3_ib/nfs-ip34/home/def-ilafores/analysis/boreal_moss/preproc/S-13-POLJUN-B/S-13-POLJUN-B_unmatched_2.fastq.gz,S-13-POLJUN-B,883b45ad,1320911000,31,DNA,1000,1320911,True,0.7351060576338864,0.8795581970702505,0.8073321273520684,0.8795581970702505,False,116,28644,2057487
701000,0.00053069434655325,0.008813104703515663,6.964890140213838e-05,0.00010449640751071575,2.3369565217391304,2.0,1.9012420077472212,/nfs3_ib/nfs-ip34/home/def-ilafores/ref_dbs/sourmash_db/gtdb-rs214-full.k31.zip,"GCF_014698065.1 Nostoc flagelliforme FACHB-838 strain=FACHB-838, ASM1469806v1",c8d363c44b389d73d55882b756f8e6c2,0.06715202605613564,92000,42,12872000,/nfs3_ib/nfs-ip34/home/def-ilafores/analysis/boreal_moss/preproc/S-13-POLJUN-B/S-13-POLJUN-B_unmatched_2.fastq.gz,S-13-POLJUN-B,883b45ad,1320911000,31,DNA,1000,1320911,True,0.7840609443726073,0.9165648484652053,0.8503128964189063,0.9165648484652053,False,215,28859,2057487
94000,7.116300795435877e-05,0.021346469622331693,6.889184812602818e-05,9.283169225370562e-05,2.098901098901099,1.0,1.5901824144096466,/nfs3_ib/nfs-ip34/home/def-ilafores/ref_dbs/sourmash_db/gtdb-rs214-full.k31.zip,"GCA_019240215.1 Actinobacteria bacterium, ASM1924021v1",7a38203808bb5732a26f39680ad5a303,0.022050199390100868,91000,43,12781000,/nfs3_ib/nfs-ip34/home/def-ilafores/analysis/boreal_moss/preproc/S-13-POLJUN-B/S-13-POLJUN-B_unmatched_2.fastq.gz,S-13-POLJUN-B,883b45ad,1320911000,31,DNA,1000,1320911,True,0.7348551658560223,0.8842227696067401,0.8095389677313811,0.8842227696067401,False,191,29050,2057487
291000,0.0002203025033480681,0.016997708174178762,6.737774157380777e-05,9.088757304420393e-05,2.101123595505618,2.0,1.2546089754793581,/nfs3_ib/nfs-ip34/home/def-ilafores/ref_dbs/sourmash_db/gtdb-rs214-full.k31.zip,"GCA_019510465.1 Burkholderiales bacterium, ASM1951046v1",10684b83f0c7332fe6991c53ccc938a4,0.05557677616501146,89000,44,12692000,/nfs3_ib/nfs-ip34/home/def-ilafores/analysis/boreal_moss/preproc/S-13-POLJUN-B/S-13-POLJUN-B_unmatched_2.fastq.gz,S-13-POLJUN-B,883b45ad,1320911000,31,DNA,1000,1320911,True,0.7621367170617159,0.9109880681389507,0.8365623926003334,0.9109880681389507,False,187,29237,2057487
136000,0.00010295924555098716,0.011254019292604502,6.359247519325677e-05,6.269784450642944e-05,1.5357142857142858,1.0,0.9186743628914512,/nfs3_ib/nfs-ip34/home/def-ilafores/ref_dbs/sourmash_db/gtdb-rs214-full.k31.zip,"GCF_018449695.1 Bradyrhizobium sp. dw_411 strain=dw_411, ASM1844969v1",53f675a78e745a48ca67ba1530cb37dc,0.01822079314040729,84000,45,12608000,/nfs3_ib/nfs-ip34/home/def-ilafores/analysis/boreal_moss/preproc/S-13-POLJUN-B/S-13-POLJUN-B_unmatched_2.fastq.gz,S-13-POLJUN-B,883b45ad,1320911000,31,DNA,1000,1320911,True,0.7436632181592493,0.8787984191771732,0.8112308186682112,0.8787984191771732,False,129,29366,2057487
800000,0.0006056426208881598,0.012086791903305664,6.283542191714657e-05,9.185963264895476e-05,2.2771084337349397,1.0,2.2671740969392906,/nfs3_ib/nfs-ip34/home/def-ilafores/ref_dbs/sourmash_db/gtdb-rs214-full.k31.zip,"GCA_017114985.1 Nostoc sp. JL33, ASM1711498v1",a9f5f20d6d48daa3baa8921b278e7a20,0.1164991990680064,83000,46,12525000,/nfs3_ib/nfs-ip34/home/def-ilafores/analysis/boreal_moss/preproc/S-13-POLJUN-B/S-13-POLJUN-B_unmatched_2.fastq.gz,S-13-POLJUN-B,883b45ad,1320911000,31,DNA,1000,1320911,True,0.7874092820854915,0.9329994444506077,0.8602043632680496,0.9329994444506077,False,189,29555,2057487
126000,9.538871278988517e-05,0.0122473070680242,6.283542191714657e-05,7.679270877531668e-05,1.9036144578313252,1.0,1.8209917715575015,/nfs3_ib/nfs-ip34/home/def-ilafores/ref_dbs/sourmash_db/gtdb-rs214-full.k31.zip,"GCF_009765735.1 Xenophilus sp. L33 strain=L33, ASM976573v1",0dfda711b32c8e272974c76b54078938,0.01859229747675963,83000,47,12442000,/nfs3_ib/nfs-ip34/home/def-ilafores/analysis/boreal_moss/preproc/S-13-POLJUN-B/S-13-POLJUN-B_unmatched_2.fastq.gz,S-13-POLJUN-B,883b45ad,1320911000,31,DNA,1000,1320911,True,0.7418333513752774,0.8793707871324913,0.8106020692538843,0.8793707871324913,False,158,29713,2057487
777000,0.0005882303955376251,0.009527089072543618,6.283542191714657e-05,0.00010109419889408778,2.5060240963855422,2.0,1.6817481866423363,/nfs3_ib/nfs-ip34/home/def-ilafores/ref_dbs/sourmash_db/gtdb-rs214-full.k31.zip,"GCF_014698505.1 Nostoc foliaceum FACHB-393 strain=FACHB-393, ASM1469850v1",6a36af7682c21c9af97c06313310cf1c,0.08918732782369146,83000,48,12359000,/nfs3_ib/nfs-ip34/home/def-ilafores/analysis/boreal_moss/preproc/S-13-POLJUN-B/S-13-POLJUN-B_unmatched_2.fastq.gz,S-13-POLJUN-B,883b45ad,1320911000,31,DNA,1000,1320911,True,0.7866686688851781,0.9249937777940639,0.855831223339621,0.9249937777940639,False,208,29921,2057487
89000,6.737774157380777e-05,0.013125103837846819,5.980720881270578e-05,5.9781665692176915e-05,1.5569620253164558,1.0,0.9904203869376481,/nfs3_ib/nfs-ip34/home/def-ilafores/ref_dbs/sourmash_db/gtdb-rs214-full.k31.zip,"GCA_903832005.1 Enhydrobacter aerosaccus, freshwater MAG --- Umea2_bin-0026",2de42dd9a7562217db7c0f7bc5b3b083,0.014786509386941352,79000,49,12280000,/nfs3_ib/nfs-ip34/home/def-ilafores/analysis/boreal_moss/preproc/S-13-POLJUN-B/S-13-POLJUN-B_unmatched_2.fastq.gz,S-13-POLJUN-B,883b45ad,1320911000,31,DNA,1000,1320911,True,0.7335606294765789,0.8728978192352516,0.8032292243559152,0.8728978192352516,False,123,30044,2057487
144000,0.00010901567175986876,0.014989293361884369,5.829310226048538e-05,7.582064917056584e-05,2.0259740259740258,2.0,1.5202018489868416,/nfs3_ib/nfs-ip34/home/def-ilafores/ref_dbs/sourmash_db/gtdb-rs214-full.k31.zip,"GCA_018268695.1 Actinobacteria bacterium, ASM1826869v1",71704584fac628bce838ddbbb8c96133,0.02803192524819934,77000,50,12203000,/nfs3_ib/nfs-ip34/home/def-ilafores/analysis/boreal_moss/preproc/S-13-POLJUN-B/S-13-POLJUN-B_unmatched_2.fastq.gz,S-13-POLJUN-B,883b45ad,1320911000,31,DNA,1000,1320911,True,0.7450356640089763,0.8910955768313495,0.8180656204201628,0.8910955768313495,False,156,30200,2057487
91000,6.889184812602818e-05,0.01719517641804377,5.829310226048538e-05,0.00010935670553446996,2.9220779220779223,2.0,3.1695230243240635,/nfs3_ib/nfs-ip34/home/def-ilafores/ref_dbs/sourmash_db/gtdb-rs214-full.k31.zip,"GCF_900129455.1 Jatrophihabitans endophyticus strain=DSM 45627, IMG-taxon 2695420949 annotated assembly",f2bb8eeb8c61bf231393bc3ccdbcc63d,0.020321572130415366,77000,51,12126000,/nfs3_ib/nfs-ip34/home/def-ilafores/analysis/boreal_moss/preproc/S-13-POLJUN-B/S-13-POLJUN-B_unmatched_2.fastq.gz,S-13-POLJUN-B,883b45ad,1320911000,31,DNA,1000,1320911,True,0.7340866895689347,0.8818972279959704,0.8079919587824526,0.8818972279959704,False,225,30425,2057487
138000,0.00010447335210320755,0.00804914213090447,5.7536048984375176e-05,6.17257849016786e-05,1.6710526315789473,1.0,1.271014492181415,/nfs3_ib/nfs-ip34/home/def-ilafores/ref_dbs/sourmash_db/gtdb-rs214-full.k31.zip,"GCF_024171345.1 Bradyrhizobium sp. USDA 4537 strain=USDA 4537, ASM2417134v1",4cbd3a650be1f3b7ab4552def4bb6516,0.014615547553484431,76000,52,12050000,/nfs3_ib/nfs-ip34/home/def-ilafores/analysis/boreal_moss/preproc/S-13-POLJUN-B/S-13-POLJUN-B_unmatched_2.fastq.gz,S-13-POLJUN-B,883b45ad,1320911000,31,DNA,1000,1320911,True,0.744013513220597,0.87257042080036,0.8082919670104785,0.87257042080036,False,127,30552,2057487
91000,6.889184812602818e-05,0.012165450121654502,5.6778995708264975e-05,8.456918561332344e-05,2.32,2.0,2.0601618059430833,/nfs3_ib/nfs-ip34/home/def-ilafores/ref_dbs/sourmash_db/gtdb-rs214-full.k31.zip,"GCF_004115155.1 Granulicella sibirica strain=AF10, ASM411515v1",5310541b33a45666b0e46adb82678626,0.014760746147607461,75000,53,11975000,/nfs3_ib/nfs-ip34/home/def-ilafores/analysis/boreal_moss/preproc/S-13-POLJUN-B/S-13-POLJUN-B_unmatched_2.fastq.gz,S-13-POLJUN-B,883b45ad,1320911000,31,DNA,1000,1320911,True,0.7340866895689347,0.8728487168120568,0.8034677031904958,0.8728487168120568,False,174,30726,2057487
92000,6.964890140213838e-05,0.013746981237228312,5.602194243215478e-05,6.318387430880487e-05,1.7567567567567568,1.0,1.3132465527844692,/nfs3_ib/nfs-ip34/home/def-ilafores/ref_dbs/sourmash_db/gtdb-rs214-full.k31.zip,"GCF_900188085.1 Granulicella rosea strain=DSM 18704, IMG-taxon 2681813547 annotated assembly",5bf6cf0aac1de2bb6e004cce08811162,0.01709084153817574,74000,54,11901000,/nfs3_ib/nfs-ip34/home/def-ilafores/analysis/boreal_moss/preproc/S-13-POLJUN-B/S-13-POLJUN-B_unmatched_2.fastq.gz,S-13-POLJUN-B,883b45ad,1320911000,31,DNA,1000,1320911,True,0.7343455379434509,0.8769854120296797,0.8056654749865653,0.8769854120296797,False,130,30856,2057487
804000,0.0006086708339926005,0.009974711997752178,5.375078260382418e-05,6.464196371593113e-05,1.8732394366197183,1.0,1.1124085968438382,/nfs3_ib/nfs-ip34/home/def-ilafores/ref_dbs/sourmash_db/gtdb-rs214-full.k31.zip,"GCA_023522315.1 Nostoc sp. CCCryo 231-06, ASM2352231v1",8faba63fcfe4cf6bbb4a6bcbb6cc67d7,0.11295307670694014,71000,55,11830000,/nfs3_ib/nfs-ip34/home/def-ilafores/analysis/boreal_moss/preproc/S-13-POLJUN-B/S-13-POLJUN-B_unmatched_2.fastq.gz,S-13-POLJUN-B,883b45ad,1320911000,31,DNA,1000,1320911,True,0.7875359773248782,0.9320695597489942,0.8598027685369363,0.9320695597489942,False,133,30989,2057487
71000,5.375078260382418e-05,0.01913746630727763,5.375078260382418e-05,7.144638094918704e-05,2.0704225352112675,1.0,2.3516487692978414,/nfs3_ib/nfs-ip34/home/def-ilafores/ref_dbs/sourmash_db/gtdb-rs214-full.k31.zip,"GCA_903915155.1 uncultured Mucilaginibacter sp., freshwater MAG --- AlinenLipids_bin-8559",ca48671f6f8875ff495ed4f6babbe655,0.01913746630727763,71000,56,11759000,/nfs3_ib/nfs-ip34/home/def-ilafores/analysis/boreal_moss/preproc/S-13-POLJUN-B/S-13-POLJUN-B_unmatched_2.fastq.gz,S-13-POLJUN-B,883b45ad,1320911000,31,DNA,1000,1320911,True,0.7282332045505145,0.8801909874852464,0.8042120960178805,0.8801909874852464,False,147,31136,2057487
85000,6.434952846936697e-05,0.007342619587517547,5.147962277549358e-05,9.769199027745983e-05,2.9558823529411766,2.0,2.4036358704936727,/nfs3_ib/nfs-ip34/home/def-ilafores/ref_dbs/sourmash_db/gtdb-rs214-full.k31.zip,"GCF_007827045.1 Actinobacteria bacterium 15TR583 strain=15Tr583, ASM782704v1",85e9cfa96493ccb50c493b5db96d97c2,0.009178274484396934,68000,57,11691000,/nfs3_ib/nfs-ip34/home/def-ilafores/analysis/boreal_moss/preproc/S-13-POLJUN-B/S-13-POLJUN-B_unmatched_2.fastq.gz,S-13-POLJUN-B,883b45ad,1320911000,31,DNA,1000,1320911,True,0.7324732791065711,0.8595727007561105,0.7960229899313408,0.8595727007561105,False,201,31337,2057487
595000,0.0004504466992855688,0.008471361739790113,5.072256949938338e-05,7.096035114681162e-05,2.1791044776119404,1.0,1.6474799673488516,/nfs3_ib/nfs-ip34/home/def-ilafores/ref_dbs/sourmash_db/gtdb-rs214-full.k31.zip,"GCA_017115045.1 Nostoc sp. NMS8, ASM1711504v1",62900898788e469fd67cf53c56ede70f,0.07523074977873309,67000,58,11624000,/nfs3_ib/nfs-ip34/home/def-ilafores/analysis/boreal_moss/preproc/S-13-POLJUN-B/S-13-POLJUN-B_unmatched_2.fastq.gz,S-13-POLJUN-B,883b45ad,1320911000,31,DNA,1000,1320911,True,0.7799253081537777,0.9199298052575613,0.8499275567056694,0.9199298052575613,False,146,31483,2057487
567000,0.00042924920755448324,0.00821078431372549,5.072256949938338e-05,4.3742682213787987e-05,1.3432835820895523,1.0,0.6121222881913396,/nfs3_ib/nfs-ip34/home/def-ilafores/ref_dbs/sourmash_db/gtdb-rs214-full.k31.zip,"GCF_001557535.2 Burkholderia sp. PAMC 26561 strain=PAMC 26561, ASM155753v2",fd0c18741012ebc26c58ba341945dc59,0.06948529411764706,67000,59,11557000,/nfs3_ib/nfs-ip34/home/def-ilafores/analysis/boreal_moss/preproc/S-13-POLJUN-B/S-13-POLJUN-B_unmatched_2.fastq.gz,S-13-POLJUN-B,883b45ad,1320911000,31,DNA,1000,1320911,True,0.7787135395522057,0.9175752832656919,0.8481444114089488,0.9175752832656919,False,90,31573,2057487
74000,5.602194243215478e-05,0.014222033538526852,5.072256949938338e-05,4.665886102804052e-05,1.4328358208955223,1.0,0.6959130284701355,/nfs3_ib/nfs-ip34/home/def-ilafores/ref_dbs/sourmash_db/gtdb-rs214-full.k31.zip,"GCF_013408815.1 Rhodanobacter sp. K2T2 strain=K2T2, ASM1340881v1",b4ae6ca7c78513041ef65fbb1ac92265,0.01570791763956697,67000,60,11490000,/nfs3_ib/nfs-ip34/home/def-ilafores/analysis/boreal_moss/preproc/S-13-POLJUN-B/S-13-POLJUN-B_unmatched_2.fastq.gz,S-13-POLJUN-B,883b45ad,1320911000,31,DNA,1000,1320911,True,0.729206050189925,0.874601620962768,0.8019038355763465,0.874601620962768,False,96,31669,2057487
76000,5.7536048984375176e-05,0.014120667522464698,4.996551622327318e-05,4.9089010039917625e-05,1.5303030303030303,1.0,0.9247390617980078,/nfs3_ib/nfs-ip34/home/def-ilafores/ref_dbs/sourmash_db/gtdb-rs214-full.k31.zip,"GCA_004799515.1 Phenylobacterium sp., ASM479951v1",9ca99393ef62cfae3248a81ada29a777,0.016260162601626018,66000,61,11424000,/nfs3_ib/nfs-ip34/home/def-ilafores/analysis/boreal_moss/preproc/S-13-POLJUN-B/S-13-POLJUN-B_unmatched_2.fastq.gz,S-13-POLJUN-B,883b45ad,1320911000,31,DNA,1000,1320911,True,0.7298336312920024,0.8755770126530893,0.8027053219725458,0.8755770126530893,False,101,31770,2057487
147000,0.00011128683158819936,0.005874254245066544,4.845140967105278e-05,4.763092063279136e-05,1.53125,1.0,0.7899515412352837,/nfs3_ib/nfs-ip34/home/def-ilafores/ref_dbs/sourmash_db/gtdb-rs214-full.k31.zip,"GCA_900129675.1 Bradyrhizobium erythrophlei strain=GAS478, IMG-taxon 2698537050 annotated assembly",f21589bbf92e41ad9ff470a004b321ae,0.013492427719137218,64000,62,11360000,/nfs3_ib/nfs-ip34/home/def-ilafores/analysis/boreal_moss/preproc/S-13-POLJUN-B/S-13-POLJUN-B_unmatched_2.fastq.gz,S-13-POLJUN-B,883b45ad,1320911000,31,DNA,1000,1320911,True,0.7455313806034068,0.8703227295621865,0.8079270550827966,0.8703227295621865,False,98,31868,2057487
735000,0.0005564341579409968,0.007248044178554993,4.7694356394942584e-05,6.512799351830655e-05,2.126984126984127,2.0,1.6182693429756103,/nfs3_ib/nfs-ip34/home/def-ilafores/ref_dbs/sourmash_db/gtdb-rs214-full.k31.zip,"GCF_015206895.1 Nostoc sp. LEGE 12450 strain=LEGE 12450, ASM1520689v1",cc052313df6d7ffda6726f9ed4858fcf,0.08456051541647491,63000,63,11297000,/nfs3_ib/nfs-ip34/home/def-ilafores/analysis/boreal_moss/preproc/S-13-POLJUN-B/S-13-POLJUN-B_unmatched_2.fastq.gz,S-13-POLJUN-B,883b45ad,1320911000,31,DNA,1000,1320911,True,0.7852597687897461,0.9234055998131422,0.8543326843014442,0.9234055998131422,False,134,32002,2057487
73000,5.526488915604458e-05,0.011307678278314791,4.6937303118832384e-05,5.151915905179474e-05,1.7096774193548387,1.0,1.2493494665185214,/nfs3_ib/nfs-ip34/home/def-ilafores/ref_dbs/sourmash_db/gtdb-rs214-full.k31.zip,"GCF_009765785.1 Granulicella sp. L46 strain=L46, ASM976578v1",7d44e8dd257057bca791a0104671ea2c,0.013313879263177094,62000,64,11235000,/nfs3_ib/nfs-ip34/home/def-ilafores/analysis/boreal_moss/preproc/S-13-POLJUN-B/S-13-POLJUN-B_unmatched_2.fastq.gz,S-13-POLJUN-B,883b45ad,1320911000,31,DNA,1000,1320911,True,0.7288860777086507,0.8699488077056087,0.7994174427071297,0.8699488077056087,False,106,32108,2057487
72000,5.450783587993438e-05,0.012090483619344774,4.6937303118832384e-05,4.325665241141256e-05,1.435483870967742,1.0,0.6628620189688554,/nfs3_ib/nfs-ip34/home/def-ilafores/ref_dbs/sourmash_db/gtdb-rs214-full.k31.zip,"GCF_010727945.1 Mycobacterium cookii strain=JCM 12404, ASM1072794v1",8d431a8d59c870c69c3b8ffec1a1e0e8,0.014040561622464899,62000,65,11173000,/nfs3_ib/nfs-ip34/home/def-ilafores/analysis/boreal_moss/preproc/S-13-POLJUN-B/S-13-POLJUN-B_unmatched_2.fastq.gz,S-13-POLJUN-B,883b45ad,1320911000,31,DNA,1000,1320911,True,0.728561834995435,0.8714414415277362,0.8000016382615855,0.8714414415277362,False,89,32197,2057487
564000,0.0004269780477261526,0.00809447983014862,4.618024984272218e-05,5.394930806367185e-05,1.819672131147541,2.0,0.9496884169154255,/nfs3_ib/nfs-ip34/home/def-ilafores/ref_dbs/sourmash_db/gtdb-rs214-full.k31.zip,"GCA_017115095.1 Nostoc sp. NMS4, ASM1711509v1",8df0385e08b23022242dc51408212f1a,0.07484076433121019,61000,66,11112000,/nfs3_ib/nfs-ip34/home/def-ilafores/analysis/boreal_moss/preproc/S-13-POLJUN-B/S-13-POLJUN-B_unmatched_2.fastq.gz,S-13-POLJUN-B,883b45ad,1320911000,31,DNA,1000,1320911,True,0.7785802891477207,0.9197755863220654,0.849177937734893,0.9197755863220654,False,111,32308,2057487
72000,5.450783587993438e-05,0.007430340557275541,4.542319656661198e-05,5.394930806367185e-05,1.85,1.0,1.904599695474091,/nfs3_ib/nfs-ip34/home/def-ilafores/ref_dbs/sourmash_db/gtdb-rs214-full.k31.zip,"GCF_009765975.1 Acidisphaera sp. S103 strain=S103, ASM976597v1",c320a5be108246efc6acd6f1adbbef58,0.00891640866873065,60000,67,11052000,/nfs3_ib/nfs-ip34/home/def-ilafores/analysis/boreal_moss/preproc/S-13-POLJUN-B/S-13-POLJUN-B_unmatched_2.fastq.gz,S-13-POLJUN-B,883b45ad,1320911000,31,DNA,1000,1320911,True,0.728561834995435,0.8587704570464849,0.79366614602096,0.8587704570464849,False,111,32419,2057487
60000,4.542319656661198e-05,0.0070826718769080475,4.390909001439158e-05,5.880960608742607e-05,2.086206896551724,1.0,1.611215890825618,/nfs3_ib/nfs-ip34/home/def-ilafores/ref_dbs/sourmash_db/gtdb-rs214-full.k31.zip,"GCA_019637225.1 Labilithrix sp., ASM1963722v1",1aed888d0bb958b4c9291a1537c4a50c,0.007326901941629015,58000,68,10994000,/nfs3_ib/nfs-ip34/home/def-ilafores/analysis/boreal_moss/preproc/S-13-POLJUN-B/S-13-POLJUN-B_unmatched_2.fastq.gz,S-13-POLJUN-B,883b45ad,1320911000,31,DNA,1000,1320911,True,0.7242894906093196,0.8533485676281886,0.788819029118754,0.8533485676281886,False,121,32540,2057487
82000,6.207836864103638e-05,0.010748702742772424,4.390909001439158e-05,5.5407397470798116e-05,1.9655172413793103,1.0,1.59703947267716,/nfs3_ib/nfs-ip34/home/def-ilafores/ref_dbs/sourmash_db/gtdb-rs214-full.k31.zip,"GCF_000178975.2 Granulicella tundricola MP5ACTX9 strain=MP5ACTX9, ASM17897v2",41236b242bd79dbd3400694dddecfe2a,0.01519644180874722,58000,69,10936000,/nfs3_ib/nfs-ip34/home/def-ilafores/analysis/boreal_moss/preproc/S-13-POLJUN-B/S-13-POLJUN-B_unmatched_2.fastq.gz,S-13-POLJUN-B,883b45ad,1320911000,31,DNA,1000,1320911,True,0.7316247633246586,0.873668169489292,0.8026464664069753,0.873668169489292,False,114,32654,2057487
883000,0.0006684780428053063,0.006301824212271974,4.3152036738281386e-05,7.193241075156246e-05,2.5964912280701755,1.0,5.098536594731647,/nfs3_ib/nfs-ip34/home/def-ilafores/ref_dbs/sourmash_db/gtdb-rs214-full.k31.zip,"GCA_020829485.1 Nostoc sp. CHAB 5834 strain=CHAB 5834, ASM2082948v1",ff180d7fdd96b283f7e1fb19ae990cb2,0.09762299613045881,57000,70,10879000,/nfs3_ib/nfs-ip34/home/def-ilafores/analysis/boreal_moss/preproc/S-13-POLJUN-B/S-13-POLJUN-B_unmatched_2.fastq.gz,S-13-POLJUN-B,883b45ad,1320911000,31,DNA,1000,1320911,True,0.7899206301828942,0.9276943412502996,0.8588074857165968,0.9276943412502996,False,148,32802,2057487
58000,4.390909001439158e-05,0.013167013167013167,4.3152036738281386e-05,8.116697699669549e-05,2.9298245614035086,2.0,3.4072144774782065,/nfs3_ib/nfs-ip34/home/def-ilafores/ref_dbs/sourmash_db/gtdb-rs214-full.k31.zip,"GCA_903642295.1 PVC group bacterium, MAGs_Lobaria_metabat2_46",bae17b38c789fd596dbd3951560d59ad,0.013398013398013399,57000,71,10822000,/nfs3_ib/nfs-ip34/home/def-ilafores/analysis/boreal_moss/preproc/S-13-POLJUN-B/S-13-POLJUN-B_unmatched_2.fastq.gz,S-13-POLJUN-B,883b45ad,1320911000,31,DNA,1000,1320911,True,0.7234978417033502,0.8701256048043639,0.796811723253857,0.8701256048043639,False,167,32969,2057487
121000,9.160344640933416e-05,0.00884681049200683,4.3152036738281386e-05,6.123975509930318e-05,2.210526315789474,2.0,1.6193657205914844,/nfs3_ib/nfs-ip34/home/def-ilafores/ref_dbs/sourmash_db/gtdb-rs214-full.k31.zip,"GCF_001424785.1 Rhizobacter sp. Root29 strain=Root29, Root29",e81a59c226a806ba7473feff67f2c49e,0.018780071395312743,57000,72,10765000,/nfs3_ib/nfs-ip34/home/def-ilafores/analysis/boreal_moss/preproc/S-13-POLJUN-B/S-13-POLJUN-B_unmatched_2.fastq.gz,S-13-POLJUN-B,883b45ad,1320911000,31,DNA,1000,1320911,True,0.7408650212615532,0.879655888319275,0.8102604547904141,0.879655888319275,False,126,33095,2057487
157000,0.00011885736434930136,0.0077497924162745644,4.2394983462171185e-05,4.0826503399535454e-05,1.5,1.0,0.8660254037844386,/nfs3_ib/nfs-ip34/home/def-ilafores/ref_dbs/sourmash_db/gtdb-rs214-full.k31.zip,"GCF_000517145.1 Mesorhizobium loti R88b strain=R88b, ASM51714v1",84cb006a462976dc909d09e3997f7727,0.021727096595626903,56000,73,10709000,/nfs3_ib/nfs-ip34/home/def-ilafores/analysis/boreal_moss/preproc/S-13-POLJUN-B/S-13-POLJUN-B_unmatched_2.fastq.gz,S-13-POLJUN-B,883b45ad,1320911000,31,DNA,1000,1320911,True,0.7471158302847034,0.8838018237229291,0.8154588270038163,0.8838018237229291,False,84,33179,2057487
58000,4.390909001439158e-05,0.016819571865443424,4.1637930186060984e-05,5.200518885417016e-05,1.9454545454545455,1.0,1.4822364161591866,/nfs3_ib/nfs-ip34/home/def-ilafores/ref_dbs/sourmash_db/gtdb-rs214-full.k31.zip,"GCA_017882405.1 Solirubrobacteraceae bacterium, ASM1788240v1",5150731e0f405d671e413695e068b08e,0.017737003058103974,55000,74,10654000,/nfs3_ib/nfs-ip34/home/def-ilafores/analysis/boreal_moss/preproc/S-13-POLJUN-B/S-13-POLJUN-B_unmatched_2.fastq.gz,S-13-POLJUN-B,883b45ad,1320911000,31,DNA,1000,1320911,True,0.7234978417033502,0.8780358852281096,0.8007668634657299,0.8780358852281096,False,107,33286,2057487
63000,4.7694356394942584e-05,0.016600061481709193,4.088087690995078e-05,4.957503984229305e-05,1.8888888888888888,1.0,1.34256066373273,/nfs3_ib/nfs-ip34/home/def-ilafores/ref_dbs/sourmash_db/gtdb-rs214-full.k31.zip,"GCA_903644035.1 Rhodospirillales bacterium, MAGs_Peltigera_metabat2_5",913de499e9dfbe1d6905701533c2270c,0.01936673839532739,54000,75,10600000,/nfs3_ib/nfs-ip34/home/def-ilafores/analysis/boreal_moss/preproc/S-13-POLJUN-B/S-13-POLJUN-B_unmatched_2.fastq.gz,S-13-POLJUN-B,883b45ad,1320911000,31,DNA,1000,1320911,True,0.7254303301811788,0.8805291899774065,0.8029797600792926,0.8805291899774065,False,102,33388,2057487
706000,0.000534479612933801,0.006,4.088087690995078e-05,5.103312924941932e-05,1.9444444444444444,1.5,1.2533904636309419,/nfs3_ib/nfs-ip34/home/def-ilafores/ref_dbs/sourmash_db/gtdb-rs214-full.k31.zip,"GCF_001712795.1 Nostoc sp. KVJ20 strain=KVJ20, ASM171279v1",26b12ae83dea8f63ddca70175636a59b,0.07844444444444444,54000,76,10546000,/nfs3_ib/nfs-ip34/home/def-ilafores/analysis/boreal_moss/preproc/S-13-POLJUN-B/S-13-POLJUN-B_unmatched_2.fastq.gz,S-13-POLJUN-B,883b45ad,1320911000,31,DNA,1000,1320911,True,0.7842407261395169,0.9211719728652153,0.8527063495023661,0.9211719728652153,False,105,33493,2057487
118000,8.933228658100356e-05,0.010060744115413819,4.012382363384058e-05,4.1312533201910874e-05,1.6037735849056605,1.0,1.1548033017433477,/nfs3_ib/nfs-ip34/home/def-ilafores/ref_dbs/sourmash_db/gtdb-rs214-full.k31.zip,"GCA_017881085.1 Bradyrhizobium sp., ASM1788108v1",30c7d242dd444577922b855b8645c3bd,0.022399392558845863,53000,77,10493000,/nfs3_ib/nfs-ip34/home/def-ilafores/analysis/boreal_moss/preproc/S-13-POLJUN-B/S-13-POLJUN-B_unmatched_2.fastq.gz,S-13-POLJUN-B,883b45ad,1320911000,31,DNA,1000,1320911,True,0.740265260970938,0.8846710471217314,0.8124681540463348,0.8846710471217314,False,85,33578,2057487
53000,4.012382363384058e-05,0.01781512605042017,4.012382363384058e-05,5.492136766842269e-05,2.1320754716981134,2.0,1.441143883315344,/nfs3_ib/nfs-ip34/home/def-ilafores/ref_dbs/sourmash_db/gtdb-rs214-full.k31.zip,"GCA_903970275.1 Betaproteobacteria bacterium, BOG_genome_mining.10",eb56aa778cff54f3c1885d4f0df0ba1e,0.01781512605042017,53000,78,10440000,/nfs3_ib/nfs-ip34/home/def-ilafores/analysis/boreal_moss/preproc/S-13-POLJUN-B/S-13-POLJUN-B_unmatched_2.fastq.gz,S-13-POLJUN-B,883b45ad,1320911000,31,DNA,1000,1320911,True,0.721396894063506,0.8781603726024534,0.7997786333329797,0.8781603726024534,False,113,33691,2057487
583000,0.0004413620599722464,0.007088331515812432,3.936677035773039e-05,5.006106964466847e-05,1.9807692307692308,1.0,1.3515003716010845,/nfs3_ib/nfs-ip34/home/def-ilafores/ref_dbs/sourmash_db/gtdb-rs214-full.k31.zip,"GCF_002949795.1 Nostoc sp. 'Lobaria pulmonaria (5183) cyanobiont' strain=5183, ASM294979v1",11e553e7ce727bac5e68a1623a162eb8,0.0794711014176663,52000,79,10388000,/nfs3_ib/nfs-ip34/home/def-ilafores/analysis/boreal_moss/preproc/S-13-POLJUN-B/S-13-POLJUN-B_unmatched_2.fastq.gz,S-13-POLJUN-B,883b45ad,1320911000,31,DNA,1000,1320911,True,0.7794128840088929,0.9215584347756925,0.8504856593922927,0.9215584347756925,False,103,33794,2057487
56000,4.2394983462171185e-05,0.013811420982735724,3.936677035773039e-05,5.103312924941932e-05,2.019230769230769,1.0,2.1075905365659824,/nfs3_ib/nfs-ip34/home/def-ilafores/ref_dbs/sourmash_db/gtdb-rs214-full.k31.zip,"GCF_004364555.1 Amnibacterium kyonggiense strain=DSM 24782, ASM436455v1",fa68361336ebceabe6d5d119e60253f8,0.014873837981407702,52000,80,10336000,/nfs3_ib/nfs-ip34/home/def-ilafores/analysis/boreal_moss/preproc/S-13-POLJUN-B/S-13-POLJUN-B_unmatched_2.fastq.gz,S-13-POLJUN-B,883b45ad,1320911000,31,DNA,1000,1320911,True,0.7226793213821465,0.8730636459326432,0.7978714836573948,0.8730636459326432,False,105,33899,2057487
64000,4.845140967105278e-05,0.006911217437533227,3.936677035773039e-05,5.2977248458921004e-05,2.0961538461538463,1.0,2.816569212744028,/nfs3_ib/nfs-ip34/home/def-ilafores/ref_dbs/sourmash_db/gtdb-rs214-full.k31.zip,"GCF_014084125.1 Streptacidiphilus sp. PB12-B1b strain=PB12-B1b, ASM1408412v1",b027a82509ac1e8646f1b76d645c2eee,0.008506113769271665,52000,81,10284000,/nfs3_ib/nfs-ip34/home/def-ilafores/analysis/boreal_moss/preproc/S-13-POLJUN-B/S-13-POLJUN-B_unmatched_2.fastq.gz,S-13-POLJUN-B,883b45ad,1320911000,31,DNA,1000,1320911,True,0.7257989507661378,0.8574664472662686,0.7916326990162033,0.8574664472662686,False,109,34008,2057487
100000,7.570532761101997e-05,0.011877037727061016,3.860971708162019e-05,4.520077162091425e-05,1.8235294117647058,1.0,1.1666254729916485,/nfs3_ib/nfs-ip34/home/def-ilafores/ref_dbs/sourmash_db/gtdb-rs214-full.k31.zip,"GCA_017881025.1 Rhizobacter sp., ASM1788102v1",225234de41338721a86aad8382ec8f05,0.02328830926874709,51000,82,10233000,/nfs3_ib/nfs-ip34/home/def-ilafores/analysis/boreal_moss/preproc/S-13-POLJUN-B/S-13-POLJUN-B_unmatched_2.fastq.gz,S-13-POLJUN-B,883b45ad,1320911000,31,DNA,1000,1320911,True,0.736323387415759,0.885782367607384,0.8110528775115715,0.885782367607384,False,93,34101,2057487
57000,4.3152036738281386e-05,0.008393680052666228,3.860971708162019e-05,3.888238419003376e-05,1.5686274509803921,1.0,1.0338373589383583,/nfs3_ib/nfs-ip34/home/def-ilafores/ref_dbs/sourmash_db/gtdb-rs214-full.k31.zip,"GCF_017741895.1 Rhizobium sp. B209b/85 strain=B209b/85, ASM1774189v1",c6b886baaeb57e94f14462e8c9b63413,0.009381171823568136,51000,83,10182000,/nfs3_ib/nfs-ip34/home/def-ilafores/analysis/boreal_moss/preproc/S-13-POLJUN-B/S-13-POLJUN-B_unmatched_2.fastq.gz,S-13-POLJUN-B,883b45ad,1320911000,31,DNA,1000,1320911,True,0.7230920559186865,0.8601792034381415,0.7916356296784139,0.8601792034381415,False,80,34181,2057487
706000,0.000534479612933801,0.006247703050349137,3.860971708162019e-05,4.9089010039917625e-05,1.9803921568627452,1.0,1.3059471219879775,/nfs3_ib/nfs-ip34/home/def-ilafores/ref_dbs/sourmash_db/gtdb-rs214-full.k31.zip,"GCF_020829665.1 Nostoc sp. CHAB 5824 strain=CHAB 5824, ASM2082966v1",5acd396d60dc41ab15b499370b685f6f,0.08648781085385275,51000,84,10131000,/nfs3_ib/nfs-ip34/home/def-ilafores/analysis/boreal_moss/preproc/S-13-POLJUN-B/S-13-POLJUN-B_unmatched_2.fastq.gz,S-13-POLJUN-B,883b45ad,1320911000,31,DNA,1000,1320911,True,0.7842407261395169,0.9240771315139177,0.8541589288267173,0.9240771315139177,False,101,34282,2057487
60000,4.542319656661198e-05,0.007164933970216353,3.860971708162019e-05,4.568680142328967e-05,1.8431372549019607,1.0,2.569600175045227,/nfs3_ib/nfs-ip34/home/def-ilafores/ref_dbs/sourmash_db/gtdb-rs214-full.k31.zip,"GCF_024721155.1 Mucilaginibacter sp. BJC16-A38 strain=BJC16-A38, ASM2472115v1",780865dea6096c67e05b33ce088011d3,0.008429334082607475,51000,85,10080000,/nfs3_ib/nfs-ip34/home/def-ilafores/analysis/boreal_moss/preproc/S-13-POLJUN-B/S-13-POLJUN-B_unmatched_2.fastq.gz,S-13-POLJUN-B,883b45ad,1320911000,31,DNA,1000,1320911,True,0.7242894906093196,0.8572156778617379,0.7907525842355287,0.8572156778617379,False,94,34376,2057487
70000,5.299372932771398e-05,0.009493070058857035,3.7852663805509986e-05,4.4228712016163406e-05,1.82,1.0,1.633278910657944,/nfs3_ib/nfs-ip34/home/def-ilafores/ref_dbs/sourmash_db/gtdb-rs214-full.k31.zip,"GCF_900114625.1 Granulicella pectinivorans strain=DSM 21001, IMG-taxon 2687453730 annotated assembly",aa5b8986f641b2e265f2f3b247e745af,0.013290298082399848,50000,86,10030000,/nfs3_ib/nfs-ip34/home/def-ilafores/analysis/boreal_moss/preproc/S-13-POLJUN-B/S-13-POLJUN-B_unmatched_2.fastq.gz,S-13-POLJUN-B,883b45ad,1320911000,31,DNA,1000,1320911,True,0.7279000639286975,0.8698990608759378,0.7988995624023176,0.8698990608759378,False,91,34467,2057487
